[
  {
    "key": 0.15849416282884993,
    "value": {
      "means": [
        -10.057899727017562,
        -3.4463415299398825,
        0.386754702081932,
        -0.8575038831547027,
        -1.5695586609678358,
        0.1199619614926764
      ],
      "covarianceMatrix": {
        "data": [
          [
            36.290169755710785,
            -18.83211511158191,
            9.687923477520897,
            -7.311749305894147,
            -7.896910260881903,
            -2.836340531626233
          ],
          [
            -18.83211511158191,
            21.86198166949614,
            -4.062218889429374,
            6.417000222686178,
            5.88775612369092,
            1.1155063420042175
          ],
          [
            9.687923477520897,
            -4.062218889429374,
            12.141551086035687,
            -3.7273032135495763,
            -0.8692770846790114,
            -1.6605562202326885
          ],
          [
            -7.311749305894147,
            6.417000222686178,
            -3.7273032135495763,
            11.226793284524252,
            2.697653829802132,
            -0.9551181311222819
          ],
          [
            -7.896910260881903,
            5.88775612369092,
            -0.8692770846790114,
            2.697653829802132,
            4.921046395178385,
            0.7224443962665835
          ],
          [
            -2.836340531626233,
            1.1155063420042175,
            -1.6605562202326885,
            -0.9551181311222819,
            0.7224443962665835,
            2.59355699475004
          ]
        ]
      },
      "covarianceMatrixInverse": {
        "data": [
          [
            0.07199120541965282,
            0.037518322819077236,
            -0.03748118806283885,
            2.7509161520341587E-4,
            0.06066547074169551,
            0.021798380581772324
          ],
          [
            0.037518322819077236,
            0.09438206640280018,
            -0.00845740743054532,
            -0.02244814178629737,
            -0.041663766829640125,
            -0.0016401902231225436
          ],
          [
            -0.03748118806283885,
            -0.00845740743054532,
            0.1299261561996178,
            0.04578770229980353,
            -0.06399896907381922,
            0.08052374682480017
          ],
          [
            2.7509161520341587E-4,
            -0.02244814178629737,
            0.04578770229980353,
            0.14008127616367966,
            -0.05707601081266874,
            0.10675792485727298
          ],
          [
            0.06066547074169551,
            -0.041663766829640125,
            -0.06399896907381922,
            -0.05707601081266874,
            0.3827754517606494,
            -0.08435444830939329
          ],
          [
            0.021798380581772324,
            -0.0016401902231225436,
            0.08052374682480017,
            0.10675792485727298,
            -0.08435444830939329,
            0.5244840628284697
          ]
        ]
      },
      "covarianceMatrixDeterminant": 188308.18497247278,
      "samplingMatrix": {
        "data": [
          [
            5.547176383049998,
            -1.7983566555026722,
            1.0070248745420787,
            -0.6226991653682815,
            -0.8742265019753875,
            -0.3446620742109391
          ],
          [
            -1.7983566555026727,
            4.200591079469611,
            -0.26151431332522496,
            0.6751171311560544,
            0.6710032415547074,
            0.09225706018759
          ],
          [
            1.0070248745420785,
            -0.26151431332522496,
            3.276829414413585,
            -0.4733607098154541,
            0.07704265668367144,
            -0.30239925314607063
          ],
          [
            -0.6226991653682817,
            0.6751171311560543,
            -0.473360709815454,
            3.152834359537649,
            0.3535199689952552,
            -0.30634076522222614
          ],
          [
            -0.8742265019753875,
            0.6710032415547074,
            0.07704265668367147,
            0.35351996899525523,
            1.8853748318572676,
            0.14484085134116148
          ],
          [
            -0.3446620742109391,
            0.09225706018759003,
            -0.30239925314607063,
            -0.30634076522222614,
            0.1448408513411616,
            1.5033245954346397
          ]
        ]
      },
      "random": {
        "index": 0,
        "v": [
          342,
          1923659125,
          1376881904,
          1809230535,
          1274057753,
          -1602267613,
          -506247810,
          1773488440,
          1559993837,
          -985373562,
          943495718,
          -561571896,
          -579786998,
          1987710144,
          1596569015,
          -733916876,
          -1649600802,
          -1185769176,
          156768690,
          -968091519,
          -1587518130,
          -2024881461,
          965752710,
          -2145287424,
          -263807498,
          379403855,
          -472285529,
          445307974,
          1607540692,
          1452563899,
          1918733351,
          -1765309311,
          200450334,
          -1311199172,
          -1631281416,
          -444642899,
          1384349058,
          -359149441,
          -1633640491,
          -2147074649,
          977597471,
          49958470,
          -1531844763,
          -863086647,
          -516446125,
          -2141830277,
          1370071818,
          2004716968,
          427505287,
          -2131274530,
          1870381685,
          -270556205,
          2014301176,
          -1018435183,
          1915927155,
          1477425053,
          1692963122,
          -54924091,
          -1042639783,
          -913989603,
          -2065084742,
          -221919641,
          1034769426,
          334696759,
          -69350054,
          -1617085964,
          -316979109,
          -2059830219,
          268384248,
          -345595300,
          208456990,
          -2028786538,
          1686371102,
          443158609,
          995011205,
          -859125440,
          1156412357,
          -1048325976,
          519999650,
          464862370,
          -1035746758,
          -329146821,
          -457847797,
          -601196889,
          -708832360,
          1260865549,
          -879991815,
          -1268655853,
          1548076214,
          -2068500262,
          1389202317,
          -2024145521,
          -1952843112,
          769945586,
          -1293043812,
          -2103005991,
          -2086600438,
          -70341180,
          -795399514,
          806618282,
          804769153,
          -2029334153,
          -1807409845,
          6401396,
          318852817,
          445154093,
          -2039942689,
          407492140,
          504314993,
          -2081223735,
          1450332675,
          -1051801310,
          1594584378,
          1313991330,
          2106829753,
          -346567230,
          -466601972,
          1156151174,
          648015445,
          1506043834,
          871859457,
          1075642432,
          98304735,
          1046143776,
          896498039,
          -213402595,
          1128045425,
          -734741847,
          1982350256,
          1017602415,
          -1343001001,
          -13182898,
          -1769477839,
          -1217306022,
          -734083279,
          1914500667,
          541304782,
          -1194840213,
          1847620304,
          -2017982380,
          536225281,
          1972678815,
          -864385037,
          1921006821,
          423283020,
          -1486222715,
          -83945586,
          -840585958,
          2094476841,
          -1157479954,
          -1951359394,
          -180187929,
          -1980750664,
          -453099247,
          -1752958664,
          929018497,
          1341694650,
          1557100162,
          -213170331,
          635100494,
          -1102233758,
          82447975,
          -1461880274,
          182308422,
          1122704308,
          684709955,
          1451805711,
          -2104414698,
          -712114130,
          1751513393,
          -342374625,
          -756678501,
          -508669684,
          -525711583,
          -109112947,
          -221069755,
          764876202,
          -1357022957,
          651790020,
          -804318924,
          474812424,
          90560972,
          942906334,
          -1487857101,
          -1244115634,
          1519804314,
          -1558597590,
          934980578,
          -2040401056,
          -305151257,
          -1871869676,
          -916327625,
          1590830354,
          -626388055,
          -431698879,
          1958364337,
          -406972230,
          -586200523,
          1168583679,
          -892939399,
          1299270142,
          1477199783,
          -935024283,
          1287265097,
          -1804102258,
          -50443211,
          -1764233474,
          996739457,
          1692906960,
          1426966966,
          -194079417,
          -1486584570,
          -310144148,
          653147309,
          -583630379,
          2133952024,
          -1188478614,
          -436450890,
          -2067634882,
          134413480,
          -765538660,
          -1963223259,
          1639675885,
          -925396410,
          -1181246212,
          1908034526,
          825828012,
          -1204599074,
          -2117289280,
          1924606597,
          1190821980,
          564161275,
          -837719399,
          -295204624,
          2128513064,
          507969750,
          701016601,
          1062198107,
          299990475,
          442646230,
          -824883961,
          -63090337,
          11697354,
          -241007085,
          1824085670,
          -1768659183,
          -418410535,
          785661506,
          -1679125002,
          -1696865533,
          946413090,
          -1045572148,
          -1383655834,
          979694108,
          -1042382346,
          2116583947,
          -1377268851,
          970500339,
          -1548255903,
          -410405918,
          -589586241,
          1177718134,
          -283978426,
          -773357574,
          -797057787,
          -397398014,
          -807037012,
          -627673892,
          -91974453,
          -804347684,
          343679122,
          1947813086,
          -26936150,
          1240237068,
          -1975267685,
          -715780300,
          527534829,
          7709740,
          -207641193,
          813257331,
          -885173216,
          -769518728,
          -975100139,
          1205047646,
          380030830,
          -1663225192,
          1221834116,
          1651548253,
          441306009,
          1321501037,
          534066559,
          1455283391,
          -1288170689,
          87803419,
          769307211,
          -598303538,
          -1530954817,
          440425598,
          -1862142001,
          2086005985,
          -1577945727,
          63591821,
          -1209099191,
          -1720240432,
          -1422243997,
          -1880949161,
          -1978082269,
          418650592,
          1835887717,
          -1354295659,
          -504805206,
          1405836142,
          -429534527,
          926055172,
          12322992,
          -673468977,
          1738907308,
          -979362259,
          -654495617,
          476805913,
          -1851302208,
          -1527319778,
          -2014065480,
          -1667893853,
          -752176670,
          2095897846,
          901797815,
          1249140154,
          -1110144133,
          439291664,
          -1474091325,
          -1391426917,
          -2029102243,
          -329611482,
          1290154141,
          669241324,
          -1424446756,
          -426093203,
          -138294852,
          -1352503571,
          1265255619,
          475162836,
          1493627872,
          -1805070085,
          1869128221,
          -1074644142,
          835514982,
          -1805474505,
          -60933734,
          -232168534,
          180507703,
          1906846696,
          -1086477805,
          1446511950,
          -501039901,
          2014994574,
          -688294032,
          2013110480,
          -1097766703,
          -1546171172,
          -170734093,
          1641668563,
          -1578030042,
          -361057979,
          -165663324,
          1942985423,
          -782388651,
          -295546187,
          423534466,
          1240988067,
          -1382055492,
          249245789,
          1869685630,
          -1209607386,
          270203281,
          143336111,
          -919990099,
          -1690478716,
          1119375060,
          4965277,
          -122021755,
          1054749550,
          332045984,
          -2026755611,
          338966176,
          260500776,
          -399167838,
          -1321338293,
          -493199307,
          1804410606,
          -1843321288,
          -1597760302,
          400614054,
          1701260773,
          -7453944,
          -1434443649,
          1774239231,
          -1298777998,
          950658244,
          -1420187701,
          936388324,
          810036090,
          -1439998586,
          1410560693,
          -1189195028,
          -1493526887,
          270920624,
          1515959866,
          1541877256,
          -1705936416,
          135724071,
          -697108111,
          -686597121,
          -217606749,
          1159771550,
          -948882453,
          -764231589,
          -1072088699,
          2101666134,
          -1684432443,
          639989751,
          414771692,
          -1782807271,
          -1416128573,
          -642376245,
          -1029388614,
          -996142034,
          -1283029276,
          1623319585,
          1970385647,
          -1401675186,
          2065627029,
          530688032,
          1522656021,
          379614802,
          915426455,
          -1596026354,
          -1945368504,
          -1382690458,
          -590667131,
          -1124353104,
          -1263031077,
          2136912512,
          1242209364,
          996833185,
          103558214,
          -1670554301,
          -787943587,
          -249799855,
          -1949416533,
          -1682761624,
          2008796236,
          1465951730,
          -813182682,
          1066763685,
          1147903588,
          1577453793,
          -2030269278,
          289497642,
          -1902329577,
          863647326,
          -583957318,
          -622738716,
          -1236168440,
          -480341897,
          1005416159,
          488163962,
          -786753842,
          -1065800202,
          225590058,
          -1059671965,
          -975121559,
          69920356,
          490921735,
          385117006,
          1642970782,
          -1292036702,
          673729944,
          706065450,
          -1466632489,
          -585068430,
          1363185678,
          -575374973,
          -537272626,
          -265786160,
          2122666810,
          2014984817,
          1858169646,
          1152319512,
          -151752076,
          1288137927,
          1125858498,
          -2058493430,
          -90679844,
          2079942450,
          115858622,
          -1207630833,
          -3291417,
          1181769991,
          -1543085973,
          493649746,
          418755774,
          -1087430832,
          1876688621,
          -412629858,
          1705763093,
          -1216522177,
          -1345355041,
          -1986430431,
          -302053118,
          1362110969,
          460970192,
          -1807857448,
          -1177953263,
          947558912,
          2082477646,
          449364996,
          348263984,
          238517146,
          -373132553,
          -1505808438,
          -235278799,
          971635342,
          747521617,
          -767043054,
          -805693182,
          -1687302769,
          668764384,
          -138190427,
          -43916687,
          -48323180,
          1561635097,
          1496904011,
          -2025025395,
          2107493960,
          898925942,
          1923511781,
          222220199,
          -1174435570,
          -126267906,
          1583701708,
          1466811778,
          -1856692737,
          -409531954,
          -1234913915,
          880827510,
          310196137,
          -1218862415,
          533686481,
          -1833232048,
          -1784466021,
          -1302060339,
          -1011947263,
          -1740402104,
          -96599456,
          -1945652999,
          429664487,
          -1066209552,
          1053869137,
          1546765338,
          195284773,
          -1034824744,
          -2021750581,
          879316118,
          1918002973,
          1738637155,
          -713774014,
          596686305,
          1592996041,
          1586769150,
          1350912290,
          1803762134,
          -592537589,
          -308616432,
          1198233986,
          -51817590,
          959426031,
          1836034410,
          -1452439411,
          -1264247686,
          1373285795,
          1194944857,
          1772107056,
          -730945025,
          -1996277859,
          1365045321,
          2007829593,
          -935766349,
          1229519108,
          51280201,
          -500109753,
          278719772,
          -1355450392,
          -728659363,
          1129675008,
          -822731459,
          159467705,
          -1366406433,
          -117722029,
          -609083044,
          -1293620940,
          -648866904,
          -1033364980,
          -149631058,
          1688323643,
          -539202734,
          712917312,
          -984268896,
          494600352,
          -588661028,
          -113450622,
          1285058610,
          -1481183563,
          1637126532,
          203552765,
          404789472,
          2064137785,
          -1530121527,
          1192527490,
          -2067568610,
          -123064549,
          -1286681139,
          -1209962398,
          -114615410
        ],
        "iRm1": [
          623,
          0,
          1,
          2,
          3,
          4,
          5,
          6,
          7,
          8,
          9,
          10,
          11,
          12,
          13,
          14,
          15,
          16,
          17,
          18,
          19,
          20,
          21,
          22,
          23,
          24,
          25,
          26,
          27,
          28,
          29,
          30,
          31,
          32,
          33,
          34,
          35,
          36,
          37,
          38,
          39,
          40,
          41,
          42,
          43,
          44,
          45,
          46,
          47,
          48,
          49,
          50,
          51,
          52,
          53,
          54,
          55,
          56,
          57,
          58,
          59,
          60,
          61,
          62,
          63,
          64,
          65,
          66,
          67,
          68,
          69,
          70,
          71,
          72,
          73,
          74,
          75,
          76,
          77,
          78,
          79,
          80,
          81,
          82,
          83,
          84,
          85,
          86,
          87,
          88,
          89,
          90,
          91,
          92,
          93,
          94,
          95,
          96,
          97,
          98,
          99,
          100,
          101,
          102,
          103,
          104,
          105,
          106,
          107,
          108,
          109,
          110,
          111,
          112,
          113,
          114,
          115,
          116,
          117,
          118,
          119,
          120,
          121,
          122,
          123,
          124,
          125,
          126,
          127,
          128,
          129,
          130,
          131,
          132,
          133,
          134,
          135,
          136,
          137,
          138,
          139,
          140,
          141,
          142,
          143,
          144,
          145,
          146,
          147,
          148,
          149,
          150,
          151,
          152,
          153,
          154,
          155,
          156,
          157,
          158,
          159,
          160,
          161,
          162,
          163,
          164,
          165,
          166,
          167,
          168,
          169,
          170,
          171,
          172,
          173,
          174,
          175,
          176,
          177,
          178,
          179,
          180,
          181,
          182,
          183,
          184,
          185,
          186,
          187,
          188,
          189,
          190,
          191,
          192,
          193,
          194,
          195,
          196,
          197,
          198,
          199,
          200,
          201,
          202,
          203,
          204,
          205,
          206,
          207,
          208,
          209,
          210,
          211,
          212,
          213,
          214,
          215,
          216,
          217,
          218,
          219,
          220,
          221,
          222,
          223,
          224,
          225,
          226,
          227,
          228,
          229,
          230,
          231,
          232,
          233,
          234,
          235,
          236,
          237,
          238,
          239,
          240,
          241,
          242,
          243,
          244,
          245,
          246,
          247,
          248,
          249,
          250,
          251,
          252,
          253,
          254,
          255,
          256,
          257,
          258,
          259,
          260,
          261,
          262,
          263,
          264,
          265,
          266,
          267,
          268,
          269,
          270,
          271,
          272,
          273,
          274,
          275,
          276,
          277,
          278,
          279,
          280,
          281,
          282,
          283,
          284,
          285,
          286,
          287,
          288,
          289,
          290,
          291,
          292,
          293,
          294,
          295,
          296,
          297,
          298,
          299,
          300,
          301,
          302,
          303,
          304,
          305,
          306,
          307,
          308,
          309,
          310,
          311,
          312,
          313,
          314,
          315,
          316,
          317,
          318,
          319,
          320,
          321,
          322,
          323,
          324,
          325,
          326,
          327,
          328,
          329,
          330,
          331,
          332,
          333,
          334,
          335,
          336,
          337,
          338,
          339,
          340,
          341,
          342,
          343,
          344,
          345,
          346,
          347,
          348,
          349,
          350,
          351,
          352,
          353,
          354,
          355,
          356,
          357,
          358,
          359,
          360,
          361,
          362,
          363,
          364,
          365,
          366,
          367,
          368,
          369,
          370,
          371,
          372,
          373,
          374,
          375,
          376,
          377,
          378,
          379,
          380,
          381,
          382,
          383,
          384,
          385,
          386,
          387,
          388,
          389,
          390,
          391,
          392,
          393,
          394,
          395,
          396,
          397,
          398,
          399,
          400,
          401,
          402,
          403,
          404,
          405,
          406,
          407,
          408,
          409,
          410,
          411,
          412,
          413,
          414,
          415,
          416,
          417,
          418,
          419,
          420,
          421,
          422,
          423,
          424,
          425,
          426,
          427,
          428,
          429,
          430,
          431,
          432,
          433,
          434,
          435,
          436,
          437,
          438,
          439,
          440,
          441,
          442,
          443,
          444,
          445,
          446,
          447,
          448,
          449,
          450,
          451,
          452,
          453,
          454,
          455,
          456,
          457,
          458,
          459,
          460,
          461,
          462,
          463,
          464,
          465,
          466,
          467,
          468,
          469,
          470,
          471,
          472,
          473,
          474,
          475,
          476,
          477,
          478,
          479,
          480,
          481,
          482,
          483,
          484,
          485,
          486,
          487,
          488,
          489,
          490,
          491,
          492,
          493,
          494,
          495,
          496,
          497,
          498,
          499,
          500,
          501,
          502,
          503,
          504,
          505,
          506,
          507,
          508,
          509,
          510,
          511,
          512,
          513,
          514,
          515,
          516,
          517,
          518,
          519,
          520,
          521,
          522,
          523,
          524,
          525,
          526,
          527,
          528,
          529,
          530,
          531,
          532,
          533,
          534,
          535,
          536,
          537,
          538,
          539,
          540,
          541,
          542,
          543,
          544,
          545,
          546,
          547,
          548,
          549,
          550,
          551,
          552,
          553,
          554,
          555,
          556,
          557,
          558,
          559,
          560,
          561,
          562,
          563,
          564,
          565,
          566,
          567,
          568,
          569,
          570,
          571,
          572,
          573,
          574,
          575,
          576,
          577,
          578,
          579,
          580,
          581,
          582,
          583,
          584,
          585,
          586,
          587,
          588,
          589,
          590,
          591,
          592,
          593,
          594,
          595,
          596,
          597,
          598,
          599,
          600,
          601,
          602,
          603,
          604,
          605,
          606,
          607,
          608,
          609,
          610,
          611,
          612,
          613,
          614,
          615,
          616,
          617,
          618,
          619,
          620,
          621,
          622
        ],
        "iRm2": [
          622,
          623,
          0,
          1,
          2,
          3,
          4,
          5,
          6,
          7,
          8,
          9,
          10,
          11,
          12,
          13,
          14,
          15,
          16,
          17,
          18,
          19,
          20,
          21,
          22,
          23,
          24,
          25,
          26,
          27,
          28,
          29,
          30,
          31,
          32,
          33,
          34,
          35,
          36,
          37,
          38,
          39,
          40,
          41,
          42,
          43,
          44,
          45,
          46,
          47,
          48,
          49,
          50,
          51,
          52,
          53,
          54,
          55,
          56,
          57,
          58,
          59,
          60,
          61,
          62,
          63,
          64,
          65,
          66,
          67,
          68,
          69,
          70,
          71,
          72,
          73,
          74,
          75,
          76,
          77,
          78,
          79,
          80,
          81,
          82,
          83,
          84,
          85,
          86,
          87,
          88,
          89,
          90,
          91,
          92,
          93,
          94,
          95,
          96,
          97,
          98,
          99,
          100,
          101,
          102,
          103,
          104,
          105,
          106,
          107,
          108,
          109,
          110,
          111,
          112,
          113,
          114,
          115,
          116,
          117,
          118,
          119,
          120,
          121,
          122,
          123,
          124,
          125,
          126,
          127,
          128,
          129,
          130,
          131,
          132,
          133,
          134,
          135,
          136,
          137,
          138,
          139,
          140,
          141,
          142,
          143,
          144,
          145,
          146,
          147,
          148,
          149,
          150,
          151,
          152,
          153,
          154,
          155,
          156,
          157,
          158,
          159,
          160,
          161,
          162,
          163,
          164,
          165,
          166,
          167,
          168,
          169,
          170,
          171,
          172,
          173,
          174,
          175,
          176,
          177,
          178,
          179,
          180,
          181,
          182,
          183,
          184,
          185,
          186,
          187,
          188,
          189,
          190,
          191,
          192,
          193,
          194,
          195,
          196,
          197,
          198,
          199,
          200,
          201,
          202,
          203,
          204,
          205,
          206,
          207,
          208,
          209,
          210,
          211,
          212,
          213,
          214,
          215,
          216,
          217,
          218,
          219,
          220,
          221,
          222,
          223,
          224,
          225,
          226,
          227,
          228,
          229,
          230,
          231,
          232,
          233,
          234,
          235,
          236,
          237,
          238,
          239,
          240,
          241,
          242,
          243,
          244,
          245,
          246,
          247,
          248,
          249,
          250,
          251,
          252,
          253,
          254,
          255,
          256,
          257,
          258,
          259,
          260,
          261,
          262,
          263,
          264,
          265,
          266,
          267,
          268,
          269,
          270,
          271,
          272,
          273,
          274,
          275,
          276,
          277,
          278,
          279,
          280,
          281,
          282,
          283,
          284,
          285,
          286,
          287,
          288,
          289,
          290,
          291,
          292,
          293,
          294,
          295,
          296,
          297,
          298,
          299,
          300,
          301,
          302,
          303,
          304,
          305,
          306,
          307,
          308,
          309,
          310,
          311,
          312,
          313,
          314,
          315,
          316,
          317,
          318,
          319,
          320,
          321,
          322,
          323,
          324,
          325,
          326,
          327,
          328,
          329,
          330,
          331,
          332,
          333,
          334,
          335,
          336,
          337,
          338,
          339,
          340,
          341,
          342,
          343,
          344,
          345,
          346,
          347,
          348,
          349,
          350,
          351,
          352,
          353,
          354,
          355,
          356,
          357,
          358,
          359,
          360,
          361,
          362,
          363,
          364,
          365,
          366,
          367,
          368,
          369,
          370,
          371,
          372,
          373,
          374,
          375,
          376,
          377,
          378,
          379,
          380,
          381,
          382,
          383,
          384,
          385,
          386,
          387,
          388,
          389,
          390,
          391,
          392,
          393,
          394,
          395,
          396,
          397,
          398,
          399,
          400,
          401,
          402,
          403,
          404,
          405,
          406,
          407,
          408,
          409,
          410,
          411,
          412,
          413,
          414,
          415,
          416,
          417,
          418,
          419,
          420,
          421,
          422,
          423,
          424,
          425,
          426,
          427,
          428,
          429,
          430,
          431,
          432,
          433,
          434,
          435,
          436,
          437,
          438,
          439,
          440,
          441,
          442,
          443,
          444,
          445,
          446,
          447,
          448,
          449,
          450,
          451,
          452,
          453,
          454,
          455,
          456,
          457,
          458,
          459,
          460,
          461,
          462,
          463,
          464,
          465,
          466,
          467,
          468,
          469,
          470,
          471,
          472,
          473,
          474,
          475,
          476,
          477,
          478,
          479,
          480,
          481,
          482,
          483,
          484,
          485,
          486,
          487,
          488,
          489,
          490,
          491,
          492,
          493,
          494,
          495,
          496,
          497,
          498,
          499,
          500,
          501,
          502,
          503,
          504,
          505,
          506,
          507,
          508,
          509,
          510,
          511,
          512,
          513,
          514,
          515,
          516,
          517,
          518,
          519,
          520,
          521,
          522,
          523,
          524,
          525,
          526,
          527,
          528,
          529,
          530,
          531,
          532,
          533,
          534,
          535,
          536,
          537,
          538,
          539,
          540,
          541,
          542,
          543,
          544,
          545,
          546,
          547,
          548,
          549,
          550,
          551,
          552,
          553,
          554,
          555,
          556,
          557,
          558,
          559,
          560,
          561,
          562,
          563,
          564,
          565,
          566,
          567,
          568,
          569,
          570,
          571,
          572,
          573,
          574,
          575,
          576,
          577,
          578,
          579,
          580,
          581,
          582,
          583,
          584,
          585,
          586,
          587,
          588,
          589,
          590,
          591,
          592,
          593,
          594,
          595,
          596,
          597,
          598,
          599,
          600,
          601,
          602,
          603,
          604,
          605,
          606,
          607,
          608,
          609,
          610,
          611,
          612,
          613,
          614,
          615,
          616,
          617,
          618,
          619,
          620,
          621
        ],
        "i1": [
          70,
          71,
          72,
          73,
          74,
          75,
          76,
          77,
          78,
          79,
          80,
          81,
          82,
          83,
          84,
          85,
          86,
          87,
          88,
          89,
          90,
          91,
          92,
          93,
          94,
          95,
          96,
          97,
          98,
          99,
          100,
          101,
          102,
          103,
          104,
          105,
          106,
          107,
          108,
          109,
          110,
          111,
          112,
          113,
          114,
          115,
          116,
          117,
          118,
          119,
          120,
          121,
          122,
          123,
          124,
          125,
          126,
          127,
          128,
          129,
          130,
          131,
          132,
          133,
          134,
          135,
          136,
          137,
          138,
          139,
          140,
          141,
          142,
          143,
          144,
          145,
          146,
          147,
          148,
          149,
          150,
          151,
          152,
          153,
          154,
          155,
          156,
          157,
          158,
          159,
          160,
          161,
          162,
          163,
          164,
          165,
          166,
          167,
          168,
          169,
          170,
          171,
          172,
          173,
          174,
          175,
          176,
          177,
          178,
          179,
          180,
          181,
          182,
          183,
          184,
          185,
          186,
          187,
          188,
          189,
          190,
          191,
          192,
          193,
          194,
          195,
          196,
          197,
          198,
          199,
          200,
          201,
          202,
          203,
          204,
          205,
          206,
          207,
          208,
          209,
          210,
          211,
          212,
          213,
          214,
          215,
          216,
          217,
          218,
          219,
          220,
          221,
          222,
          223,
          224,
          225,
          226,
          227,
          228,
          229,
          230,
          231,
          232,
          233,
          234,
          235,
          236,
          237,
          238,
          239,
          240,
          241,
          242,
          243,
          244,
          245,
          246,
          247,
          248,
          249,
          250,
          251,
          252,
          253,
          254,
          255,
          256,
          257,
          258,
          259,
          260,
          261,
          262,
          263,
          264,
          265,
          266,
          267,
          268,
          269,
          270,
          271,
          272,
          273,
          274,
          275,
          276,
          277,
          278,
          279,
          280,
          281,
          282,
